# unix_time, cycles_done, cur_path, paths_total, pending_total, pending_favs, map_size, unique_crashes, unique_hangs, max_depth, execs_per_sec
1533775932, 0, 0, 1, 1, 1, 0.36%, 0, 0, 1, 133.33
1533775937, 0, 0, 3, 3, 1, 0.38%, 0, 0, 2, 2802.73
1533775942, 0, 0, 4, 4, 1, 0.39%, 0, 0, 2, 2793.42
1533775947, 0, 0, 5, 5, 1, 0.39%, 0, 0, 2, 2849.88
1533775952, 0, 0, 6, 6, 1, 0.39%, 0, 0, 2, 2763.66
1533775978, 0, 0, 7, 7, 1, 0.40%, 0, 0, 2, 2899.23
1533775998, 0, 0, 13, 13, 1, 0.40%, 0, 0, 2, 2898.51
1533776003, 0, 0, 17, 17, 1, 0.40%, 0, 0, 2, 2861.14
1533776008, 0, 0, 19, 19, 1, 0.41%, 0, 0, 2, 3055.72
