# unix_time, cycles_done, cur_path, paths_total, pending_total, pending_favs, map_size, unique_crashes, unique_hangs, max_depth, execs_per_sec
1533775932, 0, 0, 1, 1, 1, 0.36%, 0, 0, 1, 1600.00
1533775937, 0, 0, 32, 32, 1, 0.40%, 0, 0, 2, 2470.43
1533775948, 1, 1, 32, 28, 0, 0.40%, 0, 0, 2, 2864.43
1533775953, 1, 32, 37, 29, 1, 0.40%, 0, 0, 4, 2937.09
1533775958, 1, 34, 37, 28, 1, 0.40%, 0, 0, 4, 3088.42
1533775963, 1, 34, 40, 31, 1, 0.40%, 0, 0, 5, 3136.73
1533775968, 1, 34, 41, 32, 1, 0.40%, 0, 0, 5, 3149.77
1533775973, 2, 25, 42, 30, 0, 0.40%, 0, 0, 5, 3051.72
1533775978, 2, 39, 45, 31, 0, 0.41%, 0, 0, 6, 3040.05
1533775983, 2, 39, 46, 32, 0, 0.41%, 0, 0, 6, 3055.70
1533775988, 2, 44, 51, 36, 2, 0.41%, 0, 0, 7, 3081.96
1533775993, 2, 44, 55, 40, 2, 0.41%, 0, 0, 7, 3005.53
1533775998, 2, 48, 62, 46, 2, 0.41%, 0, 0, 8, 2973.65
1533776003, 2, 48, 65, 49, 2, 0.41%, 0, 0, 8, 3074.66
