# unix_time, cycles_done, cur_path, paths_total, pending_total, pending_favs, map_size, unique_crashes, unique_hangs, max_depth, execs_per_sec
1533774793, 0, 0, 1, 1, 1, 0.66%, 0, 0, 1, 74.07
1533774798, 0, 0, 22, 22, 1, 0.70%, 0, 0, 2, 141.32
1533774803, 0, 0, 39, 39, 1, 0.75%, 0, 0, 2, 153.02
1533774808, 0, 0, 40, 40, 1, 0.75%, 0, 0, 2, 145.08
1533774819, 0, 0, 41, 41, 1, 0.75%, 0, 0, 2, 130.91
1533774824, 0, 0, 42, 42, 1, 0.75%, 0, 0, 2, 132.00
1533774839, 0, 0, 43, 43, 1, 0.76%, 0, 0, 2, 129.59
1533774855, 0, 0, 44, 44, 1, 0.76%, 0, 0, 2, 153.56
1533774890, 0, 0, 45, 45, 1, 0.76%, 0, 0, 2, 128.72
1533774911, 0, 0, 47, 47, 1, 0.76%, 0, 0, 2, 129.80
1533774916, 0, 0, 48, 48, 1, 0.76%, 0, 0, 2, 159.22
1533774998, 0, 0, 49, 49, 1, 0.76%, 0, 0, 2, 172.06
1533775003, 0, 0, 50, 50, 1, 0.77%, 0, 0, 2, 144.27
1533775374, 0, 0, 51, 51, 1, 0.78%, 0, 0, 2, 149.08
1533775889, 0, 0, 75, 75, 1, 0.78%, 0, 0, 2, 175.31
1533775894, 0, 0, 143, 143, 1, 0.79%, 0, 0, 2, 264.17
1533775899, 0, 0, 158, 158, 1, 0.79%, 0, 0, 2, 251.90
