# unix_time, cycles_done, cur_path, paths_total, pending_total, pending_favs, map_size, unique_crashes, unique_hangs, max_depth, execs_per_sec
1533774793, 0, 0, 1, 1, 1, 0.66%, 0, 0, 1, 79.21
1533774798, 0, 0, 35, 35, 1, 0.74%, 0, 0, 2, 148.70
1533774803, 0, 0, 80, 80, 1, 0.78%, 0, 0, 2, 183.93
1533774809, 0, 0, 89, 89, 1, 0.78%, 0, 0, 2, 197.97
1533774814, 0, 0, 93, 93, 1, 0.78%, 0, 0, 2, 189.02
1533774819, 0, 0, 95, 95, 1, 0.78%, 0, 0, 2, 179.87
1533774824, 0, 0, 97, 97, 1, 0.78%, 0, 0, 2, 163.37
1533774829, 0, 0, 101, 101, 1, 0.78%, 0, 0, 2, 181.45
1533774834, 0, 0, 103, 103, 1, 0.78%, 0, 0, 2, 184.47
1533774839, 0, 0, 104, 104, 1, 0.78%, 0, 0, 2, 187.08
1533774850, 0, 0, 105, 105, 1, 0.78%, 0, 0, 2, 191.77
1533774855, 0, 0, 106, 106, 1, 0.78%, 0, 0, 2, 194.47
1533774860, 0, 0, 109, 109, 1, 0.78%, 0, 0, 2, 196.60
1533774865, 0, 0, 110, 110, 1, 0.78%, 0, 0, 2, 194.82
1533774870, 0, 0, 111, 111, 1, 0.78%, 0, 0, 2, 195.36
1533774875, 0, 0, 112, 112, 1, 0.78%, 0, 0, 2, 198.42
1533774880, 0, 0, 113, 113, 1, 0.78%, 0, 0, 2, 190.80
1533774885, 0, 0, 114, 114, 1, 0.78%, 0, 0, 2, 198.72
1533774891, 0, 2, 122, 121, 33, 0.78%, 0, 0, 3, 2466.66
1533774896, 0, 10, 125, 122, 31, 0.78%, 0, 0, 3, 2875.25
1533774901, 0, 16, 126, 122, 31, 0.78%, 0, 0, 3, 171.83
1533774906, 0, 19, 126, 120, 30, 0.78%, 0, 0, 3, 260.51
1533774911, 0, 48, 128, 119, 28, 0.78%, 0, 0, 3, 2584.42
1533774916, 0, 52, 133, 122, 27, 0.78%, 0, 0, 3, 2603.96
1533774921, 0, 54, 134, 121, 27, 0.78%, 0, 0, 3, 475.21
1533774926, 0, 54, 136, 123, 27, 0.78%, 0, 0, 3, 1167.06
1533774931, 0, 54, 140, 127, 27, 0.79%, 0, 0, 3, 1284.80
1533774937, 0, 59, 141, 126, 31, 0.79%, 0, 0, 3, 159.42
1533774942, 0, 62, 142, 126, 30, 0.79%, 0, 0, 3, 194.20
1533774947, 0, 67, 144, 127, 29, 0.79%, 0, 0, 3, 352.92
1533774952, 0, 73, 145, 126, 28, 0.79%, 0, 0, 3, 287.27
1533774957, 0, 96, 146, 125, 27, 0.79%, 0, 0, 3, 149.95
1533774962, 0, 97, 146, 124, 27, 0.79%, 0, 0, 3, 169.23
1533774967, 0, 101, 158, 135, 26, 0.80%, 0, 0, 3, 2455.48
1533774972, 0, 107, 163, 138, 25, 0.80%, 0, 0, 3, 2276.13
1533774978, 0, 120, 165, 136, 24, 0.80%, 0, 0, 3, 2390.68
1533774983, 0, 127, 166, 132, 20, 0.80%, 0, 0, 4, 2579.07
1533774988, 0, 135, 168, 127, 14, 0.80%, 0, 0, 4, 2677.40
1533774993, 0, 143, 170, 125, 11, 0.80%, 0, 0, 4, 359.28
1533774998, 0, 156, 171, 123, 8, 0.80%, 0, 0, 4, 2605.73
1533775003, 0, 165, 175, 123, 5, 0.80%, 0, 0, 5, 2768.85
1533775008, 0, 173, 176, 121, 4, 0.80%, 0, 0, 5, 2796.18
1533775013, 1, 56, 176, 117, 0, 0.80%, 0, 0, 5, 2386.48
1533775018, 1, 71, 176, 114, 0, 0.80%, 0, 0, 5, 239.07
1533775024, 1, 90, 176, 112, 0, 0.80%, 0, 0, 5, 92.81
1533775029, 1, 93, 176, 110, 0, 0.80%, 0, 0, 5, 218.84
1533775034, 1, 115, 176, 107, 0, 0.80%, 0, 0, 5, 1569.38
1533775039, 1, 177, 179, 110, 1, 0.81%, 0, 0, 5, 1986.16
1533775044, 1, 178, 181, 111, 1, 0.81%, 0, 0, 6, 2074.16
1533775049, 1, 180, 182, 111, 1, 0.81%, 0, 0, 7, 2175.24
1533775054, 2, 7, 184, 112, 0, 0.81%, 0, 0, 7, 171.46
1533775059, 2, 12, 184, 111, 0, 0.81%, 0, 0, 7, 185.19
1533775064, 2, 13, 184, 110, 0, 0.81%, 0, 0, 7, 170.94
1533775069, 2, 34, 184, 108, 0, 0.81%, 0, 0, 7, 230.98
1533775074, 2, 40, 184, 105, 0, 0.81%, 0, 0, 7, 2262.32
1533775079, 2, 70, 184, 101, 0, 0.81%, 0, 0, 7, 1365.66
1533775084, 2, 82, 184, 99, 0, 0.81%, 0, 0, 7, 255.50
1533775090, 2, 111, 185, 96, 0, 0.81%, 0, 0, 7, 251.60
1533775095, 2, 142, 186, 93, 0, 0.81%, 0, 0, 7, 340.31
1533775100, 2, 186, 188, 94, 1, 0.81%, 0, 0, 7, 422.81
1533775110, 2, 187, 189, 94, 1, 0.81%, 0, 0, 7, 506.61
1533775115, 2, 188, 189, 93, 1, 0.81%, 0, 0, 7, 602.74
1533775120, 3, 11, 190, 93, 0, 0.81%, 0, 0, 7, 248.76
1533775125, 3, 23, 190, 92, 0, 0.81%, 0, 0, 7, 214.47
1533775130, 3, 41, 190, 88, 0, 0.81%, 0, 0, 7, 481.75
1533775135, 3, 65, 190, 86, 0, 0.81%, 0, 0, 7, 224.87
1533775140, 3, 79, 190, 84, 0, 0.81%, 0, 0, 7, 315.13
1533775146, 3, 98, 190, 81, 0, 0.81%, 0, 0, 7, 173.02
1533775151, 3, 99, 190, 80, 0, 0.81%, 0, 0, 7, 174.46
1533775156, 3, 108, 190, 78, 0, 0.81%, 0, 0, 7, 258.95
1533775161, 3, 147, 190, 75, 0, 0.81%, 0, 0, 7, 1900.50
1533775166, 3, 190, 200, 82, 1, 0.82%, 0, 0, 7, 2676.94
1533775171, 3, 191, 202, 83, 6, 0.82%, 0, 0, 7, 2866.42
1533775176, 3, 196, 203, 82, 4, 0.82%, 0, 0, 7, 2885.07
1533775181, 3, 199, 205, 82, 3, 0.82%, 0, 0, 7, 2898.56
1533775186, 3, 203, 206, 81, 1, 0.82%, 0, 0, 7, 2885.74
1533775191, 3, 205, 209, 83, 1, 0.82%, 0, 0, 8, 2868.95
1533775196, 3, 208, 211, 84, 2, 0.82%, 0, 0, 9, 2886.53
1533775202, 3, 209, 212, 84, 1, 0.82%, 0, 0, 9, 2884.34
1533775207, 3, 211, 213, 84, 1, 0.82%, 0, 0, 10, 2825.07
1533775212, 3, 212, 213, 83, 1, 0.82%, 0, 0, 10, 2773.86
1533775217, 4, 21, 213, 80, 0, 0.82%, 0, 0, 10, 496.86
1533775222, 4, 50, 213, 77, 0, 0.82%, 0, 0, 10, 1267.40
1533775227, 4, 106, 213, 74, 0, 0.82%, 0, 0, 10, 321.27
1533775232, 4, 162, 214, 71, 0, 0.82%, 0, 0, 10, 2423.70
1533775237, 4, 185, 216, 70, 0, 0.82%, 0, 0, 10, 2611.78
1533775242, 4, 216, 218, 71, 2, 0.82%, 0, 0, 10, 2839.31
1533775247, 5, 16, 218, 69, 0, 0.82%, 0, 0, 10, 213.79
1533775252, 5, 47, 218, 66, 0, 0.82%, 0, 0, 10, 140.35
1533775257, 5, 61, 218, 65, 0, 0.82%, 0, 0, 10, 163.19
1533775263, 5, 78, 218, 63, 0, 0.82%, 0, 0, 10, 1160.75
1533775268, 5, 88, 218, 61, 0, 0.82%, 0, 0, 10, 532.02
1533775273, 5, 146, 218, 59, 0, 0.82%, 0, 0, 10, 180.72
1533775278, 5, 188, 218, 56, 0, 0.82%, 0, 0, 10, 2311.14
1533775283, 5, 218, 219, 56, 1, 0.82%, 0, 0, 10, 2660.49
1533775288, 6, 18, 219, 54, 0, 0.82%, 0, 0, 10, 411.75
1533775293, 6, 214, 220, 53, 1, 0.82%, 0, 0, 10, 2449.01
1533775299, 7, 0, 220, 51, 0, 0.82%, 0, 0, 10, 2602.62
1533775304, 7, 15, 220, 50, 0, 0.82%, 0, 0, 10, 208.71
1533775309, 7, 25, 220, 49, 0, 0.82%, 0, 0, 10, 171.71
1533775314, 7, 149, 222, 49, 0, 0.82%, 0, 0, 10, 2106.29
1533775319, 7, 176, 222, 44, 0, 0.82%, 0, 0, 10, 413.22
1533775324, 7, 176, 223, 45, 0, 0.82%, 0, 0, 10, 514.74
1533775329, 7, 222, 223, 44, 1, 0.82%, 0, 0, 10, 2402.28
1533775334, 8, 9, 223, 42, 0, 0.82%, 0, 0, 10, 177.51
1533775339, 8, 14, 223, 41, 0, 0.82%, 0, 0, 10, 215.84
1533775344, 8, 223, 225, 40, 1, 0.82%, 0, 0, 10, 2698.96
1533775350, 9, 5, 225, 39, 0, 0.82%, 0, 0, 10, 267.78
1533775355, 9, 32, 225, 38, 0, 0.82%, 0, 0, 10, 148.71
1533775360, 9, 65, 225, 34, 0, 0.82%, 0, 0, 10, 251.47
1533775365, 9, 175, 227, 34, 0, 0.82%, 0, 0, 10, 2570.13
1533775370, 9, 195, 228, 35, 0, 0.82%, 0, 0, 10, 2686.95
1533775375, 9, 213, 229, 35, 0, 0.82%, 0, 0, 10, 2878.97
1533775380, 9, 228, 229, 34, 1, 0.82%, 0, 0, 10, 2842.19
1533775385, 9, 228, 230, 35, 1, 0.82%, 0, 0, 10, 2805.74
1533775390, 10, 172, 230, 32, 0, 0.82%, 0, 0, 10, 2191.18
1533775395, 10, 184, 238, 40, 0, 0.82%, 0, 0, 10, 2085.48
1533775400, 10, 233, 244, 45, 2, 0.82%, 0, 0, 10, 1992.43
1533775405, 10, 233, 249, 50, 2, 0.82%, 0, 0, 10, 1656.28
1533775410, 10, 238, 254, 54, 1, 0.82%, 0, 0, 10, 2156.91
1533775416, 10, 239, 260, 59, 1, 0.82%, 0, 0, 10, 2563.14
1533775421, 10, 240, 260, 58, 0, 0.82%, 0, 0, 10, 2677.56
1533775426, 10, 240, 264, 62, 0, 0.82%, 0, 0, 10, 2422.91
1533775431, 10, 244, 269, 66, 0, 0.82%, 0, 0, 10, 1858.07
1533775436, 10, 244, 271, 68, 0, 0.82%, 0, 0, 10, 1620.83
1533775441, 10, 247, 274, 70, 0, 0.82%, 0, 0, 10, 955.83
1533775446, 10, 247, 277, 73, 0, 0.82%, 0, 0, 10, 847.41
1533775451, 10, 247, 281, 77, 0, 0.82%, 0, 0, 10, 826.49
1533775461, 10, 281, 284, 79, 1, 0.82%, 0, 0, 10, 1130.04
1533775467, 10, 281, 286, 81, 1, 0.82%, 0, 0, 10, 1507.99
1533775472, 10, 284, 289, 83, 0, 0.82%, 0, 0, 10, 1103.64
1533775477, 10, 284, 291, 85, 0, 0.82%, 0, 0, 10, 957.36
1533775487, 10, 284, 292, 86, 0, 0.82%, 0, 0, 10, 950.72
1533775492, 11, 122, 296, 88, 0, 0.82%, 0, 0, 10, 1826.81
1533775497, 11, 183, 304, 96, 0, 0.82%, 0, 0, 10, 2507.47
1533775502, 11, 200, 311, 102, 0, 0.82%, 0, 0, 10, 2795.22
1533775507, 11, 210, 317, 107, 0, 0.82%, 0, 0, 10, 2877.14
1533775512, 11, 212, 319, 108, 0, 0.82%, 0, 0, 11, 2880.59
1533775517, 11, 223, 323, 112, 0, 0.82%, 0, 0, 11, 2720.57
1533775522, 11, 226, 324, 113, 0, 0.82%, 0, 0, 11, 2718.75
1533775528, 11, 243, 327, 115, 0, 0.82%, 0, 0, 11, 2238.71
1533775533, 11, 243, 328, 116, 0, 0.82%, 0, 0, 11, 1341.05
1533775538, 11, 246, 328, 115, 0, 0.82%, 0, 0, 11, 857.10
1533775543, 11, 246, 329, 116, 0, 0.82%, 0, 0, 11, 765.05
1533775553, 11, 248, 329, 115, 0, 0.82%, 0, 0, 11, 1038.11
1533775559, 11, 249, 333, 118, 0, 0.82%, 0, 0, 11, 2452.68
1533775564, 11, 261, 333, 116, 0, 0.82%, 0, 0, 11, 2487.84
1533775569, 11, 261, 334, 117, 0, 0.82%, 0, 0, 11, 1992.31
1533775574, 11, 268, 335, 117, 0, 0.82%, 0, 0, 11, 2026.11
1533775579, 11, 269, 335, 116, 0, 0.82%, 0, 0, 11, 1739.87
1533775584, 11, 271, 336, 116, 0, 0.82%, 0, 0, 11, 1691.47
1533775589, 11, 274, 336, 115, 0, 0.82%, 0, 0, 11, 1905.63
1533775594, 11, 274, 338, 117, 0, 0.82%, 0, 0, 11, 2286.62
1533775599, 11, 280, 339, 117, 0, 0.82%, 0, 0, 11, 1985.26
1533775604, 11, 282, 340, 117, 0, 0.82%, 0, 0, 11, 1789.54
1533775609, 11, 285, 340, 116, 0, 0.82%, 0, 0, 11, 1422.97
1533775614, 11, 285, 342, 118, 0, 0.82%, 0, 0, 11, 1129.87
1533775630, 11, 287, 342, 117, 0, 0.82%, 0, 0, 11, 597.71
1533775635, 11, 287, 344, 119, 0, 0.82%, 0, 0, 11, 495.46
1533775650, 11, 288, 344, 118, 0, 0.82%, 0, 0, 11, 531.36
1533775655, 11, 288, 347, 121, 0, 0.82%, 0, 0, 11, 881.84
1533775660, 11, 288, 348, 122, 0, 0.82%, 0, 0, 11, 953.69
1533775665, 11, 300, 350, 123, 0, 0.82%, 0, 0, 11, 1857.89
1533775670, 11, 303, 355, 127, 0, 0.82%, 0, 0, 11, 2481.31
1533775675, 11, 303, 356, 128, 0, 0.82%, 0, 0, 11, 2341.88
1533775680, 11, 312, 359, 130, 0, 0.82%, 0, 0, 11, 2704.05
1533775685, 11, 314, 360, 130, 0, 0.82%, 0, 0, 11, 2841.57
1533775690, 11, 318, 362, 131, 0, 0.82%, 0, 0, 12, 2848.00
1533775695, 11, 320, 365, 133, 0, 0.82%, 0, 0, 12, 2836.02
1533775701, 11, 325, 367, 134, 0, 0.82%, 0, 0, 12, 2854.52
1533775711, 11, 326, 369, 135, 0, 0.82%, 0, 0, 12, 2817.37
1533775716, 11, 338, 371, 135, 0, 0.82%, 0, 0, 12, 2759.81
1533775726, 11, 351, 371, 134, 0, 0.82%, 0, 0, 12, 2259.75
1533775731, 11, 358, 373, 135, 0, 0.82%, 0, 0, 12, 2645.53
1533775736, 11, 373, 376, 137, 0, 0.82%, 0, 0, 12, 2602.33
1533775741, 12, 72, 376, 136, 0, 0.82%, 0, 0, 12, 441.14
1533775746, 12, 193, 377, 134, 0, 0.82%, 0, 0, 12, 2041.34
1533775751, 12, 202, 378, 134, 0, 0.82%, 0, 0, 12, 2698.19
1533775756, 12, 217, 380, 134, 0, 0.82%, 0, 0, 12, 2844.78
1533775762, 12, 227, 381, 134, 0, 0.82%, 0, 0, 12, 2800.00
1533775767, 12, 227, 382, 135, 0, 0.82%, 0, 0, 12, 2906.71
1533775772, 12, 234, 384, 136, 0, 0.82%, 0, 0, 12, 2628.11
1533775777, 12, 245, 384, 135, 0, 0.82%, 0, 0, 12, 1737.37
1533775782, 12, 256, 385, 134, 0, 0.82%, 0, 0, 12, 2436.67
1533775787, 12, 259, 385, 133, 0, 0.82%, 0, 0, 12, 2778.59
1533775792, 12, 264, 385, 132, 0, 0.82%, 0, 0, 12, 2632.96
1533775797, 12, 266, 385, 131, 0, 0.82%, 0, 0, 12, 2720.51
1533775802, 12, 272, 385, 130, 0, 0.82%, 0, 0, 12, 1156.84
1533775807, 12, 277, 385, 129, 0, 0.82%, 0, 0, 12, 884.23
1533775812, 12, 277, 386, 130, 0, 0.82%, 0, 0, 12, 1078.12
1533775817, 12, 277, 387, 131, 0, 0.82%, 0, 0, 12, 1164.71
1533775823, 12, 278, 387, 130, 0, 0.82%, 0, 0, 12, 1239.95
1533775828, 12, 278, 389, 132, 0, 0.82%, 0, 0, 12, 2241.30
1533775833, 12, 283, 389, 131, 0, 0.82%, 0, 0, 12, 1814.37
1533775838, 12, 290, 389, 130, 0, 0.82%, 0, 0, 12, 1120.62
1533775848, 12, 292, 390, 130, 0, 0.82%, 0, 0, 12, 2063.05
1533775853, 12, 293, 391, 130, 0, 0.82%, 0, 0, 12, 890.70
1533775858, 12, 296, 392, 130, 0, 0.82%, 0, 0, 12, 1272.05
1533775863, 12, 302, 392, 129, 0, 0.82%, 0, 0, 12, 2134.70
1533775868, 12, 311, 392, 128, 0, 0.82%, 0, 0, 12, 2617.46
1533775873, 12, 337, 392, 126, 0, 0.82%, 0, 0, 12, 2048.78
1533775878, 12, 341, 392, 125, 0, 0.82%, 0, 0, 12, 1164.30
1533775884, 12, 341, 393, 126, 0, 0.82%, 0, 0, 12, 923.40
1533775899, 12, 343, 393, 125, 0, 0.82%, 0, 0, 12, 437.63
