# unix_time, cycles_done, cur_path, paths_total, pending_total, pending_favs, map_size, unique_crashes, unique_hangs, max_depth, execs_per_sec
1533774793, 0, 0, 1, 1, 1, 0.66%, 0, 0, 1, 106.67
1533774798, 0, 0, 21, 21, 1, 0.70%, 0, 0, 2, 144.28
1533774803, 0, 0, 39, 39, 1, 0.75%, 0, 0, 2, 151.20
1533774808, 0, 0, 40, 40, 1, 0.75%, 0, 0, 2, 146.39
1533774819, 0, 0, 41, 41, 1, 0.75%, 0, 0, 2, 130.93
1533774824, 0, 0, 42, 42, 1, 0.75%, 0, 0, 2, 132.43
1533774839, 0, 0, 43, 43, 1, 0.76%, 0, 0, 2, 125.71
1533774855, 0, 0, 44, 44, 1, 0.76%, 0, 0, 2, 151.14
1533774890, 0, 0, 45, 45, 1, 0.76%, 0, 0, 2, 132.98
1533774911, 0, 0, 48, 48, 1, 0.76%, 0, 0, 2, 148.63
1533774998, 0, 0, 49, 49, 1, 0.76%, 0, 0, 2, 173.41
1533775003, 0, 0, 50, 50, 1, 0.77%, 0, 0, 2, 148.42
1533775374, 0, 0, 51, 51, 1, 0.78%, 0, 0, 2, 147.10
1533775888, 0, 0, 55, 55, 1, 0.78%, 0, 0, 2, 166.32
1533775893, 0, 0, 56, 56, 1, 0.78%, 0, 0, 2, 156.48
